1	2389
1	3918
3	2373
3	4189
4	3
5	3
6	3
7	3
8	2395
8	3918
9	2396
9	2446
10	1281
10	2395
11	2823
11	4006
12	2823
13	3212
14	3212
15	2369
16	1594
16	2392
16	1125
17	1386
17	2376
17	3642
17	18
17	1106
18	1480
19	1480
20	2376
20	3596
20	3639
21	3845
21	578
22	82
22	582
22	1512
23	2392
23	3733
24	3643
24	4125
25	2369
25	4125
26	25
26	2373
27	25
27	2388
28	638
28	2369
29	638
29	2388
30	398
30	3918
31	33
31	2373
31	1476
32	33
32	2388
33	2369
33	4004
36	2373
36	3930
38	1651
38	2382
39	1652
39	2382
39	898
40	1651
40	3643
40	534
40	1653
41	1652
41	3643
41	534
41	1653
42	364
42	2373
42	1476
43	364
43	2388
48	525
48	528
48	478
49	2394
49	473
50	354
51	43
51	2374
51	2091
53	2504
53	3646
53	55
54	2500
54	3646
54	416
55	2502
55	3646
55	416
58	1311
58	2382
58	436
59	2369
59	3929
60	59
60	2388
61	65
61	2380
61	776
62	64
62	2380
62	776
63	498
63	2367
64	862
64	63
65	861
65	63
66	435
67	435
68	66
68	67
69	435
70	66
70	69
71	67
71	2382
71	70
72	437
72	68
73	3670
73	68
74	437
74	69
75	435
75	1345
76	367
76	2064
77	89
78	89
79	90
79	2389
80	1594
80	2373
81	1594
81	2373
82	1506
82	578
83	2388
84	1594
84	2369
85	1594
86	2395
86	2593
87	2593
88	436
88	438
89	90
89	2380
90	1182
91	92
91	2395
91	347
92	1594
92	2373
93	92
93	6
94	1594
94	2372
94	103
95	81
95	80
96	81
96	619
97	9
98	2369
98	4007
100	2377
100	3642
100	4125
100	451
101	3627
102	1594
102	2160
102	2372
102	101
103	102
103	105
104	103
104	2398
104	106
105	101
105	119
106	105
106	2398
106	120
107	3627
108	1596
108	2372
108	107
109	108
109	2398
109	110
110	107
110	2398
111	2372
112	1596
112	2372
112	2448
112	111
113	112
113	2388
113	115
114	112
114	2398
114	116
115	111
115	2388
115	43
116	111
116	2398
117	111
118	111
119	364
120	42
120	119
121	3768
122	2372
122	2448
122	119
123	1594
123	2372
123	122
124	636
124	2398
124	120
125	122
125	2398
125	120
126	2398
126	121
127	2398
127	121
128	2398
128	121
129	364
130	129
131	129
132	129
133	129
134	1594
134	2372
135	134
135	2388
135	43
136	1293
136	2398
137	3334
138	1986
138	3642
138	817
139	1986
139	3642
139	817
140	1986
140	3642
140	817
141	1594
141	2398
141	104
142	94
142	2398
142	104
143	27
143	2377
143	3642
143	451
144	143
145	143
146	144
147	144
148	2375
148	479
149	475
149	1506
150	634
150	49
151	635
152	635
152	476
153	1594
153	2394
154	153
155	1989
156	1126
157	1126
158	1126
158	1506
159	158
160	157
161	2376
161	2378
161	3733
162	1594
162	2372
162	103
163	1594
163	2372
163	103
164	162
164	2398
164	104
165	163
165	2398
165	104
166	2373
167	1594
168	1594
169	3855
169	580
170	3645
171	3646
171	409
172	1125
172	2590
173	1799
173	3643
173	534
174	2386
174	3316
174	3798
174	1952
175	2365
175	3797
177	533
178	1594
178	2391
179	1594
179	2391
179	178
180	1594
180	2391
180	178
181	2396
182	2396
183	2396
184	1103
184	3316
185	2126
186	2126
199	2087
199	3404
200	3853
200	1284
201	386
201	129
202	42
202	131
203	129
204	2386
204	3381
204	3520
205	2402
206	2402
207	3381
208	3853
208	1286
209	2467
210	2467
212	2378
212	3316
212	3597
212	213
213	1148
213	3316
213	184
214	2378
214	3316
214	3597
214	213
215	3643
215	548
216	1594
216	2388
217	1594
217	2160
217	2375
217	859
218	1594
218	2373
219	2162
220	1594
221	3381
221	1550
222	221
223	221
224	1594
224	3381
224	223
225	1594
225	2389
226	1594
227	3644
227	4000
228	2375
228	860
229	4125
230	938
231	2397
231	3642
231	4112
232	2674
233	232
233	2389
234	232
234	3644
235	2674
236	1594
237	3918
238	1594
239	1594
240	59
241	59
242	2162
256	255
257	1594
257	2366
257	294
258	2555
258	3643
258	534
260	1594
261	3614
262	260
262	2365
262	3608
263	262
264	262
265	262
266	3607
266	3614
267	262
268	260
268	3612
269	1201
269	3615
270	277
270	1202
270	3614
271	262
272	260
273	272
274	272
274	1201
275	272
275	1201
276	272
277	260
278	277
278	1202
279	1203
280	1594
280	2366
280	294
281	1594
281	2366
281	294
283	2716
284	2365
284	283
285	2167
286	2167
287	2167
288	2167
289	2167
290	2167
291	2167
293	2716
294	2366
295	1594
295	2366
295	294
297	1117
298	655
298	1250
299	2371
299	655
300	2407
301	255
306	872
306	2407
306	2112
307	2371
307	298
308	2371
308	298
309	2371
309	298
310	472
311	2159
312	1464
312	2373
312	839
313	1004
313	1462
314	529
314	2373
314	327
315	1265
315	1300
316	1462
316	1465
316	2370
316	2048
317	1467
317	2373
317	312
318	2407
318	3597
318	2048
319	1594
319	2373
319	312
327	2373
327	1734
328	2373
328	1476
329	1159
329	2396
330	1968
330	2395
331	2372
332	2398
332	2593
332	2209
334	1594
334	2398
334	2209
335	1594
335	2372
335	331
336	134
336	2398
337	2395
337	2593
337	916
338	2395
338	2593
339	1594
339	2369
340	9
341	2395
341	3211
341	916
343	3933
344	2395
344	3211
344	916
345	2395
345	3211
345	916
346	2395
346	3211
346	916
347	1582
347	2395
347	3211
347	916
348	3204
350	26
350	1358
351	2373
351	4363
352	3411
353	1139
354	351
355	3411
356	3411
357	3411
358	3411
359	351
360	3411
361	3411
362	3411
363	3411
364	2160
367	2373
367	4363
369	364
370	834
370	369
371	2372
371	369
372	3627
372	369
373	3627
373	369
374	3627
374	369
375	2372
375	369
381	2398
381	120
382	2398
382	120
383	382
384	382
385	116
385	117
386	116
386	118
387	118
387	101
388	387
388	370
389	387
389	370
390	386
390	1458
390	110
391	386
392	2398
392	116
393	2369
393	2548
394	393
395	393
396	2160
396	2373
396	1476
397	1178
397	1594
398	4363
402	2396
402	2593
403	2369
404	2159
404	2388
405	1464
405	2374
406	1463
406	1465
407	3645
408	1004
408	1463
409	3646
410	3646
410	4006
410	1304
411	2399
411	2828
411	408
412	2510
412	3646
412	4112
412	411
413	2496
413	2520
413	3646
413	411
414	2514
414	3646
414	411
415	2516
415	3646
415	411
416	2498
416	3646
417	2506
417	3646
417	54
419	2508
419	3646
419	54
420	2555
420	3644
420	405
421	1467
421	2374
421	405
422	2374
422	2723
423	2064
423	3644
423	422
424	63
424	3644
424	422
425	65
425	3644
425	424
426	64
426	3644
426	424
427	67
428	3670
428	427
429	427
430	427
431	1345
431	839
432	431
433	431
434	433
435	2159
435	2388
436	2382
436	3596
436	3650
437	2382
437	2723
438	435
439	2065
440	1446
440	2384
441	1267
441	1300
442	1311
442	2384
442	440
444	1450
444	2384
445	2159
445	2388
445	839
446	3065
447	2377
447	3642
447	1174
448	2579
449	2377
449	3642
449	4006
449	451
450	2377
450	2723
451	872
451	2370
451	2377
451	2048
451	3654
452	445
453	445
455	2159
455	2388
456	2159
456	2388
456	839
457	3639
458	2376
458	2723
459	1480
460	1345
463	2159
463	2376
464	3639
472	2160
473	475
474	2160
474	2394
475	2375
475	860
476	475
478	2160
478	2375
478	3766
478	479
479	2160
479	2375
479	860
480	2394
480	476
481	2394
481	476
482	2394
482	476
483	2394
483	476
484	2394
484	476
485	1506
485	2375
485	2392
485	2919
485	1173
486	525
486	148
487	525
488	2388
489	1594
489	2389
490	2389
490	3820
491	1594
491	2389
492	2369
492	3643
492	4005
492	1270
493	1594
493	2389
494	2389
494	4125
496	1594
496	2369
496	1036
497	1594
497	2369
497	98
498	2160
498	2388
498	4363
499	4363
500	1759
500	2369
501	1759
501	2369
502	504
503	504
504	1594
504	2395
505	1594
505	2388
506	1594
506	2388
507	1594
507	2388
508	1594
508	2388
509	1594
509	2388
510	2160
511	1113
511	2391
512	894
512	2393
513	1594
513	2375
513	2393
513	516
514	2375
514	2393
514	516
515	512
515	1592
515	1967
515	1046
516	1967
516	2375
516	859
516	1046
517	1113
518	524
518	859
519	639
519	518
520	524
521	520
522	520
523	3798
523	860
524	1594
524	2375
524	860
525	523
525	479
526	528
526	2391
527	523
527	2373
528	523
528	2388
529	3798
529	2466
530	529
530	2388
531	3798
531	859
532	1594
532	2375
532	859
533	872
533	2407
533	3140
534	873
534	1262
536	3195
536	3643
536	534
537	3195
537	3643
537	534
538	1797
538	3643
539	1795
539	3647
539	534
540	3647
540	534
541	3647
541	534
542	3647
542	534
543	3647
543	534
544	3647
544	534
545	3647
545	534
546	3647
546	3955
546	534
547	3647
547	534
548	2454
549	3675
550	3679
551	2370
551	2407
551	839
555	1049
556	2768
557	555
557	556
558	557
559	557
559	2180
560	557
560	849
561	1944
562	2767
562	2180
563	562
564	562
565	555
566	3643
566	565
567	2767
567	2180
568	556
568	1050
569	568
570	568
571	568
572	568
573	2154
573	3853
574	2375
574	2386
574	2388
574	3250
575	1594
575	2391
576	2407
577	1125
577	576
578	1125
578	576
580	3853
581	3804
581	3140
582	1507
582	2375
582	2392
584	2674
584	3642
584	1007
585	3482
586	3482
587	2389
587	2674
588	2388
588	4125
589	1054
589	2482
590	2388
590	4125
592	2388
592	3918
593	2388
593	3918
594	1594
594	2369
595	2369
595	4125
596	1594
596	2369
597	638
597	2369
598	1594
598	2369
600	2373
600	2807
601	2388
601	4112
602	1054
602	2484
603	638
603	2369
604	2388
604	3929
605	2388
605	4125
606	2407
606	3918
607	2495
607	3644
607	422
608	2388
608	4125
609	2388
609	4125
610	2389
610	4112
615	2365
615	284
618	2400
618	2800
618	3381
618	3640
619	1594
619	2395
620	619
620	1009
620	1582
621	2369
621	2782
623	1594
623	2389
624	1798
624	3643
624	534
625	538
626	2375
626	2392
626	1173
627	1594
627	2373
628	2162
628	3211
629	628
630	628
632	3918
633	2377
633	3642
633	4125
633	451
634	154
635	153
636	1594
636	2372
636	119
637	1798
637	3643
637	534
638	2407
638	3967
639	1594
639	2375
639	859
640	2389
640	4007
642	3605
642	3647
642	534
643	1795
643	3682
643	534
644	524
644	2394
646	2389
646	3929
647	1594
647	2369
647	1036
648	1594
648	2369
648	496
649	1594
649	2369
649	496
650	2064
650	2398
651	1220
652	297
653	652
654	652
654	1118
655	297
657	1005
657	2405
657	1118
659	2119
659	2156
660	2119
661	255
662	2389
662	3918
663	2388
663	3918
664	2369
664	3918
665	2751
665	3642
665	3918
665	873
666	2388
666	3918
667	2388
667	4112
668	3918
669	1281
670	3643
670	4112
671	3918
672	3918
673	1594
673	2369
674	2388
674	3918
675	2388
675	4125
675	663
676	1594
676	2369
677	2388
677	4112
678	2388
678	3918
679	2388
679	4125
680	3918
682	2388
682	3923
683	1594
683	2369
684	2369
684	3918
685	2388
685	4112
686	1594
686	2388
687	3918
688	1227
689	2388
689	3918
689	663
690	1594
690	2407
691	2388
691	3918
692	1594
692	2388
693	2407
693	4125
694	2388
694	4125
695	2407
695	4125
696	2369
696	3918
699	589
699	2493
701	2064
702	1594
702	2369
703	2388
703	2674
703	3919
704	2407
704	2674
705	2388
705	4002
706	2064
707	2100
708	3955
709	1594
709	2369
711	1594
711	2369
712	2369
712	4112
713	1411
713	3997
714	1657
714	2575
715	2369
715	4002
715	4189
716	2388
716	4125
717	3918
719	2387
720	2387
721	2404
722	2404
722	721
723	2404
724	2404
725	2404
726	2404
726	1169
727	2404
727	726
728	2404
728	726
729	2404
729	1169
730	2404
730	725
731	2404
731	725
732	766
734	1059
734	3651
735	2388
736	297
737	555
737	2603
738	766
739	43
739	2380
739	2092
740	766
741	2377
741	2402
741	737
742	445
742	2377
742	2402
742	741
743	2381
743	2751
744	766
745	439
746	764
746	771
747	766
748	734
749	734
750	2365
751	2381
751	3642
751	1722
752	751
753	751
754	2388
755	2388
756	1464
756	2380
757	1465
757	2047
758	1004
758	2047
759	1467
759	2380
759	756
760	736
761	736
762	2380
763	764
763	783
764	1472
764	2379
765	2379
765	2597
765	764
766	2159
766	2388
767	766
768	2381
768	3642
768	752
769	2381
769	3642
769	753
770	2380
770	744
771	2379
772	1474
772	2379
772	764
773	3651
774	766
775	2402
775	737
776	63
776	2380
776	762
777	2402
777	737
778	2371
778	736
779	737
780	737
781	2125
781	732
782	2125
782	2379
783	762
783	2379
784	762
784	767
785	2379
785	2576
785	783
786	2375
786	2388
786	860
787	762
787	740
788	762
788	747
789	762
789	774
790	762
790	744
791	2369
793	2381
793	3642
793	4112
793	753
793	2097
794	3651
794	748
795	3651
795	748
796	436
796	69
797	758
797	1466
798	757
798	1466
799	2381
799	3642
799	752
800	2381
800	3642
800	753
802	711
802	2379
802	783
803	711
803	3644
803	422
804	766
805	1472
805	804
806	2402
806	3565
806	813
807	2402
807	3575
808	3643
809	2377
809	3642
809	4125
809	451
810	3598
810	884
810	2475
811	2407
811	813
812	756
812	2379
813	2407
814	2592
815	2379
815	3642
815	798
816	2379
816	3918
817	2385
817	3596
817	3650
818	2385
818	3575
818	817
819	2159
820	2388
820	3918
821	2369
821	3923
822	2380
822	2495
823	2379
823	3642
823	798
824	67
824	69
825	2379
825	783
826	1594
827	1594
827	826
828	1594
828	826
829	2380
829	756
830	4125
831	2371
831	813
832	2123
832	2366
833	2123
833	2379
834	3627
835	834
836	921
837	1989
838	2369
838	3642
839	2407
840	1240
840	1477
841	1140
841	1142
841	1144
841	1097
842	1140
842	1145
842	1104
843	1140
843	1145
843	1105
844	1140
844	1142
844	1146
844	1102
845	472
846	3381
846	3807
846	1533
847	1609
848	1609
849	2329
850	2393
850	1434
851	510
852	2377
852	907
853	3654
853	907
854	1610
854	852
855	1610
855	853
856	921
857	3918
858	1594
858	2407
859	510
860	510
861	2363
862	2363
863	404
864	404
865	864
866	864
867	3229
867	3643
868	3643
868	867
869	3643
869	868
870	3643
870	867
871	3643
871	867
872	255
873	1260
874	3643
874	3855
874	875
874	1006
875	3853
876	3654
876	3855
876	3858
876	875
877	2064
877	2390
878	2377
878	4112
879	2369
880	879
881	1594
882	1594
882	2388
883	2924
884	3598
885	3598
885	2474
886	3598
887	2402
889	3643
889	1006
890	2373
890	1734
891	1317
892	2530
892	4363
892	131
893	1594
893	2375
893	859
894	893
895	893
896	2389
896	3820
897	3642
898	1648
898	2382
898	436
899	3642
899	873
900	899
901	899
902	1951
902	3644
902	422
903	3211
904	2853
905	3647
905	534
906	403
907	445
907	906
908	3929
909	2900
910	8
910	3201
910	3204
912	2853
913	1220
914	1220
915	1220
916	2395
916	2593
917	1594
917	2395
918	619
918	916
919	3643
919	548
920	3211
921	2395
922	921
923	921
924	921
925	2369
925	4112
926	925
927	925
928	925
929	2675
930	1800
930	3643
930	534
931	520
932	520
933	1987
933	2366
933	294
934	638
936	1594
937	3207
938	1258
939	1796
940	3644
940	422
941	3644
941	422
942	3642
942	873
943	1594
943	2369
944	1594
944	2388
945	2388
945	3918
946	1657
946	3997
947	2376
947	3733
948	2369
948	4125
949	2492
949	3644
949	422
950	643
950	1796
951	1594
951	2377
952	1594
952	2388
953	2302
955	1358
956	1594
956	2407
957	255
958	2368
958	972
959	2368
960	959
961	959
962	961
963	961
964	961
965	959
966	959
967	966
968	966
969	968
970	968
971	968
972	2368
973	972
974	972
975	1964
977	2368
978	2252
979	1594
979	2215
980	1594
981	2388
982	959
983	1800
983	3682
983	534
984	2446
985	1594
985	2388
989	1594
989	2369
989	497
990	1594
990	2369
990	497
992	2388
992	4002
993	2388
993	4002
994	1594
995	994
995	3647
997	439
998	439
999	439
1000	439
1001	439
1002	439
1004	1240
1004	2369
1004	1464
1005	872
1006	1007
1006	2402
1007	2370
1008	1009
1008	1582
1008	3903
1009	59
1009	2373
1010	2494
1010	3644
1010	422
1011	1690
1012	1700
1012	2722
1013	1689
1013	2366
1013	2367
1013	1012
1014	1689
1014	2366
1014	2367
1014	1012
1015	1689
1015	2366
1015	2367
1015	1014
1016	2407
1016	2474
1017	2407
1017	1016
1018	2159
1018	1016
1019	2375
1019	1016
1020	766
1021	439
1022	2386
1023	2624
1023	1022
1024	1484
1025	2159
1025	2388
1026	2374
1027	523
1027	1016
1028	1345
1029	1700
1030	2407
1030	1016
1031	2407
1031	1016
1032	1700
1033	2375
1033	1034
1034	2407
1035	1594
1035	2369
1035	1036
1036	1594
1036	2369
1036	98
1037	861
1037	2389
1037	1038
1038	498
1038	2389
1039	862
1039	2389
1039	1038
1040	61
1040	2379
1040	2166
1041	62
1041	2379
1041	2166
1042	2369
1042	3733
1043	1594
1043	2369
1044	1594
1044	2369
1044	1043
1045	2177
1046	2393
1046	1045
1047	2393
1047	1436
1048	3853
1048	1284
1049	255
1050	1049
1051	1050
1052	555
1052	2768
1053	2399
1053	408
1054	2481
1054	3644
1054	422
1058	791
1058	2160
1059	1594
1059	2369
1060	1059
1060	2378
1060	2101
1061	1060
1062	1060
1063	1594
1063	2378
1063	1061
1064	1594
1064	2378
1064	1062
1065	1594
1065	2378
1065	1062
1066	749
1067	749
1068	3651
1068	795
1072	1059
1072	2381
1072	3642
1072	2097
1073	752
1073	3651
1074	752
1074	2367
1074	2388
1074	3643
1074	1058
1075	753
1075	3651
1076	753
1076	2367
1076	2388
1076	3643
1076	1058
1077	1117
1077	1118
1078	1077
1079	1117
1080	2388
1080	3642
1080	2574
1081	1080
1082	2388
1082	3642
1082	1080
1083	1080
1083	2378
1083	1144
1084	1094
1084	2376
1084	2378
1084	1093
1085	1094
1085	2378
1085	3643
1085	1091
1085	1095
1086	1082
1087	1082
1088	1081
1088	1083
1088	1146
1089	1083
1089	2376
1089	1145
1090	1083
1090	841
1091	1088
1091	1150
1092	1088
1092	2400
1092	3381
1092	1153
1093	1088
1093	2376
1093	844
1094	1082
1094	1081
1095	1081
1095	3643
1095	551
1096	1345
1096	839
1097	460
1097	1098
1098	1345
1099	1098
1100	460
1100	1098
1101	1345
1102	460
1102	1096
1102	1099
1103	3796
1103	839
1104	1096
1104	1100
1105	1096
1105	1100
1106	1264
1106	1300
1107	3675
1108	873
1108	1263
1109	3211
1110	1594
1110	2407
1111	1594
1111	2407
1112	1300
1112	3576
1113	524
1113	3918
1114	2075
1115	2075
1115	1118
1116	638
1116	2369
1117	2407
1117	3140
1118	1471
1119	1594
1119	2388
1119	906
1120	2402
1120	2051
1121	2379
1121	4112
1122	2120
1123	2120
1123	3855
1123	3370
1124	1125
1124	1664
1124	3909
1125	2407
1126	2407
1127	1692
1128	655
1129	655
1130	2375
1130	2392
1130	1173
1131	2375
1131	2668
1131	1173
1133	2177
1133	2393
1134	2393
1134	1133
1135	2407
1136	3647
1136	534
1139	2373
1139	3873
1139	4363
1140	1141
1140	3596
1140	3650
1140	1096
1141	840
1141	2378
1142	2378
1142	3596
1142	3650
1142	460
1143	1141
1143	3596
1143	3650
1143	2455
1144	1141
1144	3596
1144	3650
1144	1098
1145	1142
1145	1144
1145	1100
1146	1144
1146	1099
1147	1141
1147	3596
1147	3650
1147	1101
1148	1141
1148	3596
1148	3650
1148	1103
1149	1141
1149	3596
1149	3650
1149	1028
1150	1146
1150	1147
1150	2526
1151	1147
1151	2527
1152	1150
1152	1151
1152	2528
1153	2400
1153	3381
1153	3795
1153	618
1154	1572
1154	1664
1154	2342
1155	3930
1155	4363
1156	1155
1156	3644
1157	1159
1157	2380
1157	804
1158	1155
1159	1155
1160	4363
1161	1160
1161	2396
1162	1160
1163	1160
1164	1160
1165	1594
1165	2373
1166	1165
1166	1162
1166	1163
1167	1165
1167	1163
1168	1165
1168	1162
1168	1164
1169	2404
1169	725
1170	2388
1170	4112
1171	364
1172	510
1172	2392
1173	1172
1173	2375
1173	859
1174	451
1174	3596
1174	453
1175	451
1175	3359
1175	3596
1176	348
1176	2396
1177	1594
1177	2373
1178	2396
1178	2398
1178	116
1179	2396
1179	2398
1179	1178
1180	3647
1180	534
1181	1594
1181	2388
1182	2369
1182	2674
1183	27
1184	636
1185	636
1186	1596
1186	2372
1186	331
1187	1594
1187	2373
1188	1594
1188	2398
1188	120
1189	3642
1189	3733
1190	2407
1190	3642
1190	839
1191	2407
1191	3642
1191	1190
1192	2407
1192	3642
1192	1190
1193	3211
1194	2823
1195	2372
1195	3826
1195	119
1196	1594
1196	2388
1197	1196
1198	1196
1199	1219
1199	732
1200	1219
1200	2379
1201	260
1201	2365
1201	2716
1202	3607
1202	3611
1203	260
1203	3643
1203	534
1204	1203
1204	3606
1204	3633
1205	3614
1206	1594
1206	2369
1207	1317
1207	2398
1207	386
1208	3642
1208	3918
1209	1172
1209	2375
1209	860
1210	3647
1210	534
1211	1594
1212	1594
1212	1211
1213	1594
1213	1211
1214	1594
1214	2391
1215	3768
1216	1552
1217	1552
1217	1216
1218	3195
1219	1198
1219	2380
1220	2853
1221	1657
1221	3334
1222	2366
1224	2522
1224	3644
1225	2380
1225	2522
1226	475
1227	2369
1227	4112
1228	1227
1229	311
1230	311
1231	1103
1232	1594
1232	2369
1233	1594
1233	2373
1233	319
1234	1594
1234	2389
1235	1234
1236	1234
1237	1234
1238	1148
1238	2118
1239	1826
1239	2118
1240	872
1240	2367
1240	2155
1241	1103
1242	1148
1242	1241
1243	1826
1243	1241
1244	2159
1245	2369
1245	3596
1245	1244
1246	2723
1246	1244
1247	1506
1247	3815
1248	1594
1248	2375
1248	2392
1248	1507
1249	3853
1250	297
1251	436
1251	2378
1251	75
1252	1253
1252	1310
1253	1300
1253	1309
1254	2388
1254	3642
1255	2377
1255	3642
1255	1174
1256	2377
1256	3642
1256	1255
1257	1594
1257	2388
1258	2377
1258	3642
1258	4023
1258	451
1259	1220
1260	2370
1261	1260
1262	1260
1262	2402
1263	1260
1263	2377
1263	451
1264	1299
1264	2376
1264	20
1265	1299
1265	2397
1265	313
1266	1260
1266	2405
1266	657
1267	1299
1267	2384
1267	440
1268	1006
1268	806
1269	1262
1269	806
1270	1006
1270	2369
1270	807
1271	1262
1271	807
1272	1268
1272	3580
1273	1269
1273	3580
1274	2405
1274	3565
1274	657
1275	2405
1275	3565
1275	657
1276	1278
1276	1274
1277	1266
1277	1274
1278	1007
1278	2405
1278	657
1279	1278
1279	1275
1280	1266
1280	1275
1281	2369
1281	3917
1282	1594
1282	2388
1283	1594
1283	2388
1284	2407
1285	3598
1285	3855
1286	2407
1287	3444
1288	2402
1288	1284
1289	2402
1289	1286
1290	1285
1290	1288
1290	1048
1291	1285
1291	1289
1291	208
1292	1285
1292	1249
1293	1596
1293	2395
1294	1594
1294	2372
1294	102
1295	3643
1296	1295
1297	1295
1298	1594
1298	2398
1298	2204
1299	1260
1299	2367
1299	1240
1300	873
1300	1299
1301	1299
1301	2385
1301	817
1302	1300
1302	1301
1303	3586
1303	408
1304	1303
1304	1575
1305	3586
1305	406
1306	1305
1306	1575
1307	1299
1307	2397
1307	316
1308	1300
1308	1307
1309	1299
1309	2382
1309	436
1310	1309
1310	2378
1310	1251
1311	1007
1311	2390
1311	1240
1312	1311
1312	2385
1312	817
1313	1311
1313	2399
1313	408
1314	1311
1314	2399
1314	406
1315	1311
1315	2397
1315	316
1316	2407
1316	4175
1317	4363
1318	1299
1318	2380
1318	2047
1319	1300
1319	1318
1320	1318
1320	758
1321	1319
1321	1320
1322	1318
1322	757
1323	1319
1323	1322
1324	1320
1324	2379
1324	797
1325	1321
1325	1324
1326	1322
1326	2379
1326	798
1327	1323
1327	1326
1328	1260
1328	2381
1328	2097
1329	873
1329	1328
1330	1269
1330	2536
1331	2369
1331	4125
1332	1331
1337	1182
1338	1337
1338	2373
1339	1337
1340	59
1341	1594
1341	2372
1342	1594
1342	2372
1343	2372
1343	3997
1344	1594
1344	2366
1344	294
1345	2388
1345	3511
1346	2160
1347	1281
1347	2388
1348	1347
1349	1347
1350	1347
1351	1596
1351	2369
1352	1594
1352	2372
1353	398
1353	2396
1354	2396
1354	3165
1354	3918
1355	2393
1355	1434
1356	1594
1356	2369
1357	26
1358	25
1359	1358
1360	1358
1361	3171
1362	3171
1363	1358
1364	1358
1365	2160
1366	1365
1367	1365
1368	1365
1369	895
1370	895
1371	895
1372	895
1373	895
1374	895
1375	895
1376	895
1377	895
1378	895
1379	895
1380	895
1381	895
1382	895
1383	895
1384	1594
1384	2373
1385	524
1385	2392
1385	16
1386	2369
1386	4125
1387	1386
1387	2377
1387	3642
1387	451
1388	2373
1388	3918
1389	1594
1389	2372
1389	162
1390	573
1391	2192
1392	1594
1392	2372
1392	101
1393	1594
1393	2373
1394	3598
1394	2590
1395	1594
1395	2407
1395	172
1395	839
1396	1594
1396	2407
1397	1594
1397	2372
1398	1285
1398	550
1399	1285
1399	1107
1400	1285
1400	549
1401	1801
1401	2373
1402	16
1402	578
1403	16
1403	577
1404	16
1404	172
1405	16
1405	3855
1405	2181
1406	2369
1406	3955
1407	2394
1407	473
1408	2478
1409	98
1409	2373
1409	1476
1411	98
1411	2389
1412	496
1412	2373
1412	1409
1414	496
1414	2389
1414	1411
1415	497
1415	2373
1415	1409
1417	497
1417	2389
1417	1411
1418	989
1418	2373
1418	1415
1420	989
1420	2389
1420	1417
1421	990
1421	2373
1421	1415
1423	990
1423	2389
1423	1417
1424	648
1424	2373
1424	1412
1426	648
1426	2389
1426	1414
1427	649
1427	2373
1427	1412
1429	649
1429	2389
1429	1414
1430	473
1430	148
1431	1594
1431	2372
1431	102
1432	386
1432	387
1433	2101
1434	2393
1434	1046
1435	2393
1435	1434
1436	2393
1436	1046
1437	2097
1437	2102
1437	2367
1437	3598
1437	1058
1438	1594
1438	2388
1439	1594
1440	2379
1440	3642
1440	797
1441	756
1441	740
1442	758
1442	2553
1443	757
1443	2553
1444	817
1444	432
1445	817
1445	433
1446	2065
1446	2383
1446	3596
1446	3650
1447	2385
1447	2723
1448	1447
1448	432
1449	1447
1449	433
1450	2383
1450	2723
1451	444
1452	2402
1453	2402
1454	2407
1455	2375
1455	2378
1455	2382
1455	3643
1455	1251
1456	1594
1456	2008
1457	1594
1457	2008
1458	118
1458	107
1459	118
1460	1594
1460	2375
1460	531
1461	3646
1462	1240
1462	2373
1462	312
1463	1240
1463	2374
1463	405
1464	1471
1464	2390
1464	2155
1465	1005
1465	2369
1465	3596
1465	3650
1465	1464
1466	2047
1466	2379
1466	812
1467	2390
1467	2723
1467	1464
1468	759
1468	2379
1468	812
1469	759
1469	1441
1470	255
1471	2407
1472	791
1472	1479
1472	2380
1473	2381
1474	1473
1474	2380
1474	1472
1475	1473
1475	2402
1475	2634
1475	1058
1476	2373
1476	2723
1477	2155
1478	2161
1478	1477
1479	2390
1479	2155
1480	3639
1480	457
1481	766
1482	3647
1482	534
1483	2527
1484	430
1484	2527
1485	2160
1485	2388
1486	619
1487	1594
1487	2395
1487	916
1488	1160
1489	619
1490	1594
1490	2369
1491	1479
1491	2382
1492	2159
1492	2388
1493	3853
1494	2388
1494	4002
1495	1594
1495	2373
1496	478
1496	2392
1496	1209
1497	2375
1497	1454
1498	2407
1499	1148
1499	1231
1500	524
1501	2369
1501	4125
1502	1248
1503	1248
1504	2407
1505	1506
1505	3598
1506	2407
1506	1504
1507	510
1508	3846
1508	2112
1509	2375
1509	1507
1510	1507
1510	2375
1511	1507
1511	2375
1512	1506
1512	2375
1512	2392
1512	1507
1513	1509
1513	3855
1513	580
1514	1509
1515	1510
1516	1511
1517	1511
1519	582
1520	582
1520	1512
1520	2112
1521	582
1522	1510
1522	1530
1523	582
1523	1530
1524	1507
1524	2375
1525	82
1525	1512
1525	1524
1526	582
1526	3855
1526	580
1527	1507
1527	2375
1528	82
1528	1512
1528	1527
1529	1506
1529	2402
1530	2407
1531	435
1531	1101
1532	2900
1533	3720
1534	3720
1535	643
1535	1796
1536	663
1536	2380
1536	762
1537	675
1537	2380
1537	1536
1538	689
1538	2380
1538	1536
1539	1594
1539	2369
1540	2369
1540	4189
1541	1540
1541	2373
1542	1540
1542	2373
1543	1594
1543	2366
1544	1540
1544	2373
1545	1540
1545	2373
1546	1920
1546	3381
1546	3520
1547	2081
1548	58
1548	428
1549	2120
1549	2367
1549	3675
1549	1550
1550	3381
1550	3679
1551	2367
1551	3381
1551	3855
1551	1549
1552	2375
1552	859
1553	3855
1553	1107
1554	2375
1554	2392
1554	3381
1554	1173
1555	3211
1556	1594
1556	2388
1557	2399
1557	3575
1557	406
1558	4125
1559	1558
1559	2388
1560	1558
1560	3646
1561	1594
1561	2369
1562	2392
1562	3129
1563	1594
1563	2373
1564	1141
1564	3596
1564	3650
1564	1618
1565	2365
1565	1643
1566	20
1566	1480
1567	2402
1567	3238
1568	1445
1568	434
1569	796
1569	70
1570	1285
1570	1288
1570	200
1571	20
1571	464
1572	1285
1572	1288
1572	3381
1572	2120
1573	1572
1573	1123
1574	1572
1574	3259
1574	1573
1574	2143
1575	1300
1575	3586
1576	1103
1577	1594
1577	2407
1578	1864
1579	619
1580	1594
1580	2369
1581	1611
1581	2398
1581	116
1582	2373
1582	3929
1583	1594
1583	2373
1584	2336
1584	3381
1584	2122
1585	3804
1585	3855
1586	3872
1586	1123
1587	2377
1587	3645
1587	2320
1588	2388
1588	4112
1589	3642
1590	2377
1590	3642
1590	1108
1591	2385
1591	3642
1591	1445
1592	893
1593	643
1593	1798
1593	1799
1594	255
1595	1594
1596	1594
1597	1594
1598	1594
1598	2369
1599	3643
1600	1599
1601	1599
1602	1599
1603	1599
1604	2159
1604	2380
1605	555
1606	510
1606	2388
1606	2573
1607	2402
1608	1240
1608	2407
1608	1017
1609	451
1609	3596
1609	907
1610	450
1610	907
1611	1594
1612	1611
1612	2373
1613	1611
1613	2373
1614	1611
1614	2373
1615	1611
1615	2373
1616	1611
1616	2373
1617	1099
1617	1103
1618	1345
1619	756
1619	732
1620	2047
1620	1619
1621	758
1621	1620
1622	2159
1623	2896
1624	2402
1624	576
1625	2388
1625	3596
1625	3650
1625	1025
1626	1594
1626	2407
1627	1764
1627	2549
1628	2376
1628	3596
1628	463
1629	1345
1630	1141
1630	1629
1631	2369
1631	3596
1631	3597
1631	1622
1632	756
1632	804
1633	2047
1633	1632
1634	1474
1634	805
1635	2597
1635	805
1636	2388
1636	3596
1636	455
1637	1345
1638	1141
1638	3596
1638	3650
1638	1637
1639	2375
1639	2388
1639	1606
1640	1141
1640	3247
1640	3650
1640	2055
1640	2455
1641	2369
1641	3596
1641	1018
1642	2716
1643	2716
1644	1317
1644	2373
1645	2390
1645	1346
1646	2500
1646	3651
1646	2524
1647	2502
1647	3651
1647	2524
1648	897
1649	3642
1649	897
1650	3642
1650	897
1651	1649
1651	1648
1652	1650
1652	1648
1653	1648
1653	3643
1654	1386
1655	1594
1656	1594
1656	2372
1657	2369
1657	3918
1658	1657
1658	2373
1659	2388
1659	3820
1660	1578
1661	1594
1661	2369
1662	1661
1663	2385
1663	3733
1664	3381
1664	3855
1664	1122
1665	1664
1665	2342
1666	1664
1666	2342
1667	1664
1667	2342
1668	2823
1668	3211
1668	916
1669	3643
1670	2378
1670	3300
1670	3316
1670	3642
1670	213
1671	523
1671	1016
1672	2924
1673	2923
1674	3211
1675	1989
1676	25
1676	1331
1676	2372
1676	118
1677	1594
1677	2372
1677	103
1678	118
1679	1594
1679	2398
1680	1986
1681	534
1681	3643
1681	3919
1681	4021
1681	4112
1682	1285
1682	875
1683	1594
1683	2369
1684	1594
1684	2369
1685	1594
1685	2389
1686	1594
1686	2373
1687	1594
1687	2369
1688	2373
1688	4363
1689	2304
1689	2215
1690	1689
1690	2305
1691	1690
1692	1689
1692	2214
1693	1692
1694	1693
1695	1694
1695	1700
1696	1694
1696	1700
1697	1696
1698	1697
1699	1698
1699	2262
1700	1692
1700	1127
1701	1345
1702	2900
1703	26
1704	2407
1704	2475
1705	2388
1705	2723
1705	1025
1706	1594
1706	2376
1706	2378
1706	1102
1707	2388
1707	3650
1707	83
1708	762
1708	804
1709	1594
1709	2373
1710	1490
1710	2376
1711	1594
1711	2388
1712	1711
1713	1711
1714	2377
1714	3642
1714	451
1715	1594
1715	2377
1715	450
1716	1596
1717	90
1717	3644
1718	1594
1718	2388
1719	1848
1720	1848
1721	2388
1721	4125
1722	872
1722	2381
1723	2366
1723	4327
1723	294
1724	2085
1725	2085
1726	1732
1727	1723
1728	1732
1729	1723
1730	1729
1731	1729
1732	1723
1733	1594
1733	2396
1733	1162
1734	2373
1734	1476
1735	766
1736	2634
1736	1618
1737	437
1737	438
1738	2385
1738	3642
1738	817
1739	756
1739	744
1740	2047
1740	1739
1741	1764
1741	2388
1741	845
1742	2382
1742	2385
1742	3642
1742	436
1743	2394
1743	473
1744	1594
1744	2396
1745	1594
1745	2396
1745	1162
1746	1594
1746	2396
1746	1162
1747	1594
1747	2386
1748	1826
1748	2069
1749	2634
1749	1637
1750	444
1750	1021
1751	458
1751	457
1752	2388
1752	2723
1752	2060
1753	2634
1753	2055
1754	2723
1754	1018
1755	74
1755	70
1756	3627
1756	101
1757	3627
1757	101
1758	1411
1759	1594
1760	500
1760	2389
1761	2161
1761	2407
1761	1017
1762	2400
1762	2634
1762	3381
1762	618
1763	2369
1763	3918
1764	2390
1765	1594
1765	2369
1766	3643
1767	1594
1767	2377
1768	2377
1768	3820
1769	642
1770	642
1771	642
1772	642
1773	642
1774	3643
1775	642
1776	642
1777	642
1778	642
1779	642
1780	642
1781	642
1782	642
1783	642
1784	642
1785	642
1786	642
1787	642
1788	642
1789	642
1790	642
1791	642
1792	642
1793	1594
1793	2373
1794	3411
1795	3919
1796	1795
1797	1796
1798	1796
1799	1796
1800	1795
1801	2369
1801	4125
1802	1801
1802	2388
1803	2388
1803	3873
1804	1594
1804	2369
1805	1594
1805	2369
1806	2369
1806	3873
1807	2388
1807	3873
1808	1807
1809	1807
1810	13
1811	13
1812	3212
1812	14
1813	3212
1813	14
1814	2395
1814	3212
1814	916
1815	1594
1815	2388
1816	1594
1816	2388
1816	1284
1817	1594
1817	2388
1817	1284
1818	1594
1818	2388
1818	1284
1819	1594
1819	2388
1819	1284
1820	1594
1820	2388
1821	1594
1821	2388
1822	1594
1822	2388
1823	339
1823	2162
1824	1823
1824	2389
1824	2445
1825	1823
1825	2446
1826	2634
1826	1103
1827	1447
1827	2599
1828	8
1828	2398
1828	116
1829	1594
1829	2388
1830	1594
1830	2398
1830	116
1831	1594
1831	2369
1832	1594
1832	2373
1833	1657
1833	2373
1834	1657
1834	2373
1835	3644
1835	422
1836	124
1836	1184
1837	124
1837	1185
1838	2373
1838	312
1839	3831
1839	1838
1840	3643
1840	534
1841	1594
1841	2388
1842	3643
1842	534
1843	633
1844	633
1845	633
1846	3643
1846	2180
1847	107
1847	369
1848	584
1849	1594
1849	2373
1850	2853
1851	921
1852	924
1853	4363
1854	1801
1854	2395
1855	1393
1855	1854
1856	619
1857	26
1857	1393
1858	1594
1858	2373
1859	2366
1859	1867
1860	2366
1860	1867
1861	3211
1862	3853
1863	2375
1863	2386
1864	2138
1865	1594
1865	2369
1866	2473
1867	2473
1868	111
1869	111
1870	938
1871	3647
1872	3647
1873	1358
1874	921
1875	3642
1876	1331
1877	4323
1878	1007
1878	2381
1878	2097
1879	1878
1879	2380
1879	2597
1880	1879
1880	1883
1880	3583
1881	1879
1881	3585
1882	1311
1882	2380
1882	2047
1883	1882
1883	758
1884	1880
1885	1393
1886	3031
1887	2388
1887	3918
1888	428
1888	1148
1888	2068
1889	437
1889	1826
1889	2068
1890	1148
1890	2067
1891	1826
1891	2067
1892	3853
1893	3855
1893	1892
1894	3647
1894	534
1895	3646
1896	1594
1897	1801
1898	1594
1898	2385
1898	433
1899	2386
1899	3316
1899	1952
1900	2162
1901	1594
1902	2407
1902	2148
1903	2407
1903	2148
1904	2160
1904	4363
1905	2305
1906	2139
1907	1117
1908	1594
1908	2398
1908	120
1909	1125
1909	2590
1910	2590
1911	1909
1912	1909
1913	1911
1914	2373
1914	185
1915	1594
1916	3245
1917	3643
1918	3643
1919	3643
1920	2386
1921	476
1922	3211
1923	118
1924	549
1924	3855
1924	875
1925	1400
1925	1682
1925	1924
1926	1103
1927	2388
1928	758
1928	1633
1929	757
1929	1633
1930	759
1930	1632
1931	427
1931	431
1932	428
1932	817
1932	1931
1933	1447
1933	2145
1933	1931
1934	3300
1935	3300
1936	3300
1937	3300
1938	3300
1939	3300
1940	3300
1941	1594
1941	2386
1941	1920
1943	2555
1944	555
1945	1944
1946	3259
1946	3381
1946	2108
1947	2376
1948	475
1948	2386
1949	3918
1950	2366
1951	1594
1952	3316
1952	3516
1953	538
1954	511
1955	511
1956	1151
1956	1483
1957	3853
1958	1285
1958	1957
1959	2398
1959	120
1960	2075
1961	3645
1962	1594
1963	1594
1963	2375
1963	2392
1963	1172
1963	1498
1964	2368
1965	872
1966	1594
1966	2407
1966	2474
1967	2393
1967	1045
1968	1596
1969	1968
1970	582
1970	1512
1970	1247
1971	1801
1971	2522
1972	1594
1973	1261
1973	1266
1974	1280
1974	1973
1975	657
1976	2896
1977	1976
1978	2389
1978	3205
1979	1266
1979	1975
1980	1979
1980	2479
1981	1278
1981	1975
1982	1276
1982	1981
1982	3581
1983	913
1984	913
1985	4323
1986	1594
1986	2385
1987	1594
1988	2388
1989	1904
1989	2388
1990	3381
1991	3211
1992	1594
1992	2388
1993	2377
1993	3642
1993	451
1994	2377
1994	3642
1994	451
1995	3479
1996	1995
1997	1995
1998	1594
1999	1594
2000	2162
2001	3647
2002	3647
2003	3647
2004	3647
2005	3647
2006	3647
2007	3647
2007	534
2008	2369
2009	974
2010	974
2011	974
2012	974
2013	974
2014	974
2015	974
2016	974
2017	974
2018	2368
2018	974
2019	2368
2019	974
2020	2368
2020	974
2021	974
2022	974
2023	974
2024	1964
2025	661
2025	2368
2026	1689
2027	1594
2028	2360
2029	2360
2029	2317
2030	3530
2030	974
2031	3895
2032	1689
2033	1700
2033	2032
2034	2032
2034	2042
2035	2033
2036	2033
2037	2033
2038	2033
2039	2034
2040	2034
2041	3647
2041	534
2042	1694
2043	3647
2044	2043
2045	2043
2046	2160
2046	2392
2047	1240
2047	2380
2047	756
2048	872
2048	2407
2048	839
2049	1594
2049	2395
2050	921
2051	533
2052	895
2053	879
2053	2373
2054	1311
2054	2377
2054	451
2055	2583
2056	1594
2058	1232
2059	1232
2060	2159
2060	2388
2061	933
2062	933
2063	994
2063	2366
2063	294
2064	2369
2064	2674
2065	2159
2065	2388
2066	439
2067	1103
2068	429
2068	1103
2069	1103
2070	1148
2070	2069
2071	186
2072	2388
2073	1103
2074	1148
2074	2073
2075	2407
2077	1103
2078	1117
2079	2111
2080	1077
2081	3643
2082	2081
2083	2081
2084	2624
2084	3381
2084	204
2085	1723
2086	427
2087	2375
2087	859
2088	893
2088	2087
2089	531
2089	2087
2090	2092
2090	2379
2090	783
2091	661
2091	2160
2091	2374
2091	422
2092	661
2092	2160
2092	2380
2092	762
2093	2092
2093	784
2094	739
2094	2379
2094	2090
2095	1472
2095	744
2096	2597
2096	2095
2097	1722
2098	3646
2098	3648
2098	412
2099	3646
2099	3648
2099	412
2100	2481
2100	3918
2101	2388
2102	1722
2102	2388
2102	2101
2103	2388
2103	2639
2104	3644
2104	4175
2104	421
2105	3646
2106	3646
2107	165
2108	3259
2108	3381
2108	3640
2109	2159
2109	2388
2110	1122
2111	2407
2112	2111
2113	2377
2113	3642
2113	3918
2113	1108
2114	498
2114	499
2115	69
2116	2377
2116	3642
2116	1108
2117	2377
2117	3642
2117	2116
2118	1103
2119	2407
2120	3381
2120	3853
2121	3643
2121	4112
2121	534
2122	2335
2122	3381
2122	1990
2123	3918
2124	2393
2124	1045
2125	2380
2126	311
2128	311
2129	2128
2130	2128
2131	2128
2132	256
2132	2400
2133	2378
2133	2382
2133	3316
2133	184
2134	1826
2134	2145
2134	3316
2134	184
2135	1989
2135	2635
2136	2401
2137	2371
2137	655
2138	3933
2139	3553
2139	3643
2140	1664
2140	2342
2141	1664
2141	3640
2141	2236
2142	1664
2142	2342
2143	2347
2143	3641
2143	3855
2143	1123
2144	3381
2144	3855
2144	1123
2145	437
2145	427
2146	1664
2146	2122
2147	3381
2147	2122
2148	2407
2149	2407
2149	2148
2150	2407
2150	2148
2151	2407
2151	2149
2152	27
2152	955
2153	26
2153	955
2154	255
2155	2154
2156	2154
2157	2154
2157	2369
2158	2154
2158	2366
2159	2155
2159	2157
2160	2156
2160	2157
2161	1470
2161	2367
2162	1594
2163	1594
2163	2395
2164	2366
2165	427
2166	776
2166	2379
2166	783
2167	1594
2167	2365
2167	284
2168	2167
2169	2167
2170	2167
2171	2167
2172	2167
2173	2174
2174	2156
2174	2158
2175	2388
2176	1594
2176	2388
2177	2160
2177	2388
2177	3797
2178	1594
2178	2389
2179	1228
2179	3644
2179	422
2180	555
2181	1125
2181	2590
2181	3855
2181	580
2182	3647
2182	534
2183	1594
2184	26
2184	1362
2184	1854
2185	112
2185	2667
2186	2558
2187	2558
2188	1594
2188	2366
2188	294
2189	2188
2190	2188
2191	1594
2191	2366
2191	294
2192	1801
2192	2388
2193	2192
2194	1594
2194	2377
2195	2389
2195	2674
2196	2377
2196	3642
2196	451
2197	1594
2197	2373
2198	661
2198	2160
2199	1250
2200	2371
2200	2199
2201	2371
2201	2199
2202	1005
2202	2371
2202	2199
2203	2371
2203	2199
2204	331
2204	2398
2205	331
2205	2388
2205	43
2206	335
2206	2388
2206	2208
2207	335
2207	2398
2207	2209
2208	1186
2208	2388
2208	2205
2209	1186
2209	2398
2209	2204
2210	2388
2210	4363
2211	2064
2211	2398
2211	2209
2212	2444
2213	2304
2213	2366
2213	953
2214	1689
2215	2303
2215	953
2216	1694
2216	1700
2217	1101
2218	2217
2219	1147
2219	2218
2220	2378
2220	2218
2221	2216
2222	1689
2222	2221
2223	1689
2223	2221
2224	2365
2225	2365
2225	2224
2226	2365
2226	2225
2227	2365
2227	2226
2228	2365
2228	2225
2229	2365
2229	2225
2230	2365
2230	2225
2231	2365
2231	2230
2232	2365
2232	2230
2233	2365
2233	2230
2234	2365
2235	2365
2235	2224
2236	1664
2236	2344
2236	3640
2236	3909
2237	2371
2238	1594
2238	2407
2239	2583
2240	2583
2241	2583
2242	2583
2243	1345
2244	108
2245	1594
2245	2369
2245	2442
2246	1594
2246	2369
2246	706
2247	1594
2247	2369
2247	2246
2248	1594
2248	2372
2249	1801
2250	3642
2251	1689
2251	1690
2252	1692
2252	2042
2253	2252
2254	660
2255	2407
2256	2369
2257	1689
2257	1690
2258	1689
2258	1011
2259	1689
2260	1689
2261	1700
2262	1690
2262	1700
2262	2261
2263	1694
2263	1700
2264	1690
2264	1700
2264	2263
2265	1693
2266	1700
2267	1694
2267	1700
2268	1700
2268	2267
2269	1690
2269	1691
2269	2267
2270	2267
2271	2269
2271	2270
2272	2267
2273	2269
2273	2272
2274	1694
2274	1700
2275	1690
2275	2274
2276	1694
2276	1700
2277	1690
2277	2276
2278	2259
2279	1700
2280	1690
2280	1691
2280	2279
2281	2276
2282	2277
2282	2281
2283	1700
2284	1694
2284	1700
2285	1690
2285	2284
2287	1700
2287	1695
2288	1690
2288	2287
2289	2288
2290	2028
2290	2288
2291	427
2292	2373
2292	312
2293	2252
2294	2252
2294	1691
2295	1690
2295	2294
2296	2295
2297	2028
2297	2295
2298	2252
2298	2296
2299	2252
2300	2388
2300	4363
2301	534
2301	3184
2302	255
2303	2304
2304	255
2304	2302
2305	2321
2305	2303
2306	2258
2307	1700
2308	1689
2309	2159
2309	2388
2310	2159
2310	2388
2311	1664
2311	2342
2312	2626
2312	3381
2312	2122
2313	2626
2313	3381
2313	2122
2314	2159
2314	2388
2315	1689
2316	1689
2317	1689
2318	1690
2318	3159
2318	2308
2319	2367
2320	2319
2321	2304
2322	2369
2322	2402
2322	3381
2322	1270
2323	2399
2323	408
2324	2399
2325	2329
2326	559
2327	2399
2328	2374
2329	555
2330	3381
2330	3855
2330	1123
2331	2330
2332	1124
2332	2330
2333	1124
2334	2330
2335	2407
2336	2402
2336	2335
2337	1122
2338	1122
2339	1122
2340	1122
2341	1664
2342	1664
2343	2236
2344	3381
2344	3855
2344	2120
2345	1123
2346	1664
2346	2347
2347	2120
2348	1345
2349	2159
2349	1016
2350	2160
2350	2388
2351	2236
2352	2120
2353	2377
2354	2400
2354	3381
2354	3855
2354	2143
2355	2400
2355	3381
2355	3855
2355	2143
2356	431
2357	2356
2358	2356
2359	1693
2360	1690
2361	1689
2361	1690
2362	2361
2362	2269
2363	2388
2363	2390
2363	4363
2363	498
2364	3853
2365	2366
2365	1222
2366	255
2366	256
2367	255
2367	2154
2368	255
2368	957
2369	2407
2369	300
2370	255
2370	872
2371	2405
2371	297
2372	2390
2372	364
2373	2390
2373	311
2374	2388
2374	2390
2374	404
2375	2390
2375	510
2376	2388
2376	2390
2376	456
2377	2388
2377	2390
2377	445
2378	2388
2378	2390
2378	1345
2379	2380
2379	738
2380	2388
2380	2390
2380	766
2381	2369
2381	791
2382	2388
2382	2390
2382	435
2383	2388
2383	2390
2383	2065
2384	2383
2384	439
2385	2378
2385	431
2386	2367
2386	3855
2386	573
2387	2390
2387	2406
2387	660
2388	2369
2388	403
2389	2388
2389	488
2390	2367
2390	2369
2390	2157
2391	2375
2391	2386
2391	2388
2391	574
2392	2388
2392	581
2393	2367
2393	2388
2393	2177
2394	2375
2394	2388
2394	475
2395	2373
2395	328
2396	2373
2396	396
2397	2370
2397	2373
2397	1462
2398	2372
2398	2373
2398	42
2399	2370
2399	2374
2399	1463
2400	255
2400	2478
2401	2407
2401	1126
2402	2370
2402	2407
2402	533
2404	2367
2404	2406
2404	659
2405	2407
2405	1117
2406	2407
2406	2119
2407	255
2407	301
2408	351
2409	1689
2410	3933
2411	830
2412	830
2413	3918
2414	2405
2414	3642
2414	657
2415	1082
2416	1594
2416	2369
2417	1594
2417	2373
2417	319
2418	1594
2418	2373
2418	319
2419	1594
2419	2373
2419	319
2420	1594
2420	2373
2420	319
2421	1594
2421	2373
2421	319
2422	567
2423	1854
2424	1854
2425	1594
2426	4125
2427	4125
2428	1594
2429	1594
2430	1594
2431	3918
2432	3918
2433	1801
2434	3918
2435	25
2435	2367
2435	3642
2435	1240
2436	1594
2436	2407
2437	3643
2438	476
2439	438
2440	430
2440	438
2441	2444
2441	706
2442	1594
2442	2369
2442	706
2443	1594
2443	661
2444	1594
2444	2369
2445	339
2445	2388
2446	339
2446	2373
2447	671
2447	3643
2447	3648
2447	4112
2447	534
2447	2829
2448	1594
2449	1594
2450	1596
2451	1345
2452	1240
2452	2378
2452	2451
2453	2378
2453	2723
2453	2451
2454	2468
2454	3598
2455	1345
2456	32
2456	3644
2457	3647
2457	534
2458	529
2461	529
2466	510
2467	311
2468	3674
2469	895
2470	2388
2471	2160
2471	2388
2472	2366
2473	2472
2474	2407
2475	2407
2476	3815
2476	2474
2477	3815
2477	2475
2478	255
2479	873
2479	1266
2480	3259
2480	3641
2481	1594
2481	2388
2482	2481
2482	4112
2483	2482
2483	2487
2484	2481
2484	4112
2485	2484
2485	2487
2486	1054
2486	2100
2487	2389
2487	2481
2488	2389
2488	2492
2489	2389
2489	2493
2490	2389
2490	2494
2491	2389
2491	2495
2492	2388
2492	4112
2493	2482
2493	4125
2494	2388
2494	3967
2495	2388
2495	4112
2496	2518
2497	2496
2497	2519
2498	897
2498	2369
2499	2498
2499	3643
2500	1650
2500	2369
2500	2498
2501	2500
2501	3643
2501	2499
2502	1649
2502	2369
2502	2498
2503	2502
2503	3643
2503	2499
2504	2369
2504	3642
2504	2502
2505	2504
2505	3643
2505	2503
2506	2369
2506	3642
2506	2500
2507	2506
2507	3643
2507	2501
2508	2369
2508	3642
2508	2500
2509	2508
2509	3643
2509	2501
2510	1208
2510	3648
2511	2510
2511	3643
2511	4112
2511	2829
2512	2369
2512	3648
2513	2512
2513	3643
2513	2829
2514	2369
2514	2751
2514	3648
2514	4112
2515	2514
2515	3643
2515	2829
2516	2369
2516	2751
2516	3648
2517	2516
2517	3643
2517	2829
2518	2369
2518	3648
2518	4112
2518	2512
2519	2518
2519	3643
2519	2513
2520	2369
2520	3648
2520	2512
2521	2520
2521	3643
2521	2513
2522	1594
2523	1594
2523	2375
2524	2498
2524	3651
2525	3647
2525	534
2526	1099
2526	1101
2527	1101
2528	2526
2528	2527
2529	403
2530	1594
2530	2372
2530	2373
2530	129
2531	3412
2532	555
2533	38
2533	2534
2534	898
2534	428
2535	39
2535	2534
2536	1261
2536	1262
2537	2402
2537	885
2538	2823
2539	2162
2539	3642
2539	873
2540	2368
2540	972
2541	2368
2542	1594
2542	2368
2542	972
2543	1594
2543	2368
2543	972
2544	2373
2545	2034
2546	3511
2547	2373
2548	2369
2549	2160
2550	2388
2550	3596
2550	3650
2550	2060
2551	440
2551	1021
2552	440
2552	745
2553	2047
2553	1441
2554	2402
2555	3642
2555	873
2556	256
2557	3647
2557	3929
2557	534
2558	1594
2558	2366
2558	294
2559	2558
2560	1854
2561	1594
2561	2373
2563	2371
2563	760
2563	761
2564	2371
2564	760
2565	2371
2565	760
2565	761
2566	2371
2566	761
2567	2371
2567	761
2568	2371
2568	761
2569	450
2569	453
2570	450
2570	3359
2571	2369
2571	4125
2572	311
2573	2388
2574	872
2575	1594
2575	2369
2576	2388
2576	3918
2577	2367
2577	2381
2577	2578
2577	3643
2577	1058
2578	2576
2578	2101
2579	2388
2579	4363
2580	2579
2581	311
2582	311
2583	1345
2584	2400
2584	3381
2584	3640
2585	3259
2585	3381
2585	2108
2585	2584
2586	1172
2586	3805
2586	3656
2587	158
2588	2375
2588	479
2589	3815
2589	2590
2590	2407
2591	2369
2591	3918
2592	528
2592	2392
2592	1209
2593	90
2593	2373
2594	154
2594	1506
2594	149
2595	154
2595	476
2596	154
2596	1226
2597	2097
2597	2380
2597	1472
2598	872
2598	2368
2599	431
2600	817
2600	2599
2601	2174
2602	659
2602	2075
2603	255
2604	2139
2605	2139
2606	1594
2606	2388
2607	2393
2610	2466
2610	3381
2611	2478
2612	2478
2613	2120
2613	2367
2613	3519
2613	1550
2614	2716
2615	2365
2615	2614
2616	2615
2617	2615
2618	2615
2619	2615
2619	2618
2620	2615
2620	2618
2621	2615
2622	2615
2623	2615
2624	1285
2624	2386
2624	3596
2625	1572
2625	2367
2625	2369
2625	1549
2626	2407
2627	1099
2628	1096
2628	2627
2629	1096
2629	2627
2630	1140
2630	1146
2630	2629
2631	2634
2631	2629
2632	1140
2632	1146
2632	2628
2633	2634
2633	2628
2634	1478
2634	2378
2634	2723
2635	2529
2636	3381
2636	3598
2636	207
2637	1907
2638	1907
2639	2388
2640	2388
2640	2639
2641	1103
2642	1597
2643	2141
2644	2141
2645	2643
2646	2643
2647	2627
2648	2634
2648	2647
2649	1146
2649	2647
2650	534
2650	3855
2650	1958
2651	2402
2651	1050
2652	2651
2652	810
2652	1051
2653	2402
2653	1049
2654	2159
2655	428
2655	1151
2655	1484
2656	482
2656	2438
2657	2595
2657	2438
2658	152
2658	2438
2659	484
2659	2438
2660	481
2660	2438
2661	480
2661	2438
2662	483
2662	2438
2663	1594
2664	1594
2665	3646
2665	1304
2667	111
2667	1756
2668	2392
2669	1594
2670	4006
2671	48
2671	3168
2672	2767
2673	2674
2674	4125
2675	1594
2675	2366
2676	1594
2676	1915
2677	3973
2678	1594
2678	2389
2679	1594
2680	2382
2680	3642
2680	428
2681	348
2681	2396
2682	2377
2682	3642
2682	2116
2683	348
2684	2365
2684	3797
2685	2167
2686	3815
2687	3815
2688	122
2689	2386
2690	2386
2691	2375
2691	217
2692	2375
2692	217
2693	3316
2694	1962
2695	1962
2696	3316
2696	2693
2697	557
2698	557
2699	2375
2699	531
2700	2407
2700	813
2701	3797
2702	1594
2702	2372
2702	101
2703	1253
2703	3919
2703	4021
2703	4112
2704	3381
2704	3855
2704	2120
2705	1586
2705	2400
2705	2143
2706	1284
2706	1664
2706	3240
2707	1284
2707	3855
2707	1048
2708	4175
2709	2388
2710	2706
2710	2333
2711	2706
2711	2332
2712	1594
2712	2379
2713	1594
2714	3919
2715	1304
2715	3646
2715	3820
2716	1222
2717	1222
2718	2717
2719	1594
2720	1594
2721	3553
2722	2155
2722	2158
2723	2161
2723	2369
2723	2157
2724	3643
2724	3943
2724	534
2725	3643
2726	2730
2727	2730
2728	3643
2729	3643
2730	3647
2730	3929
2730	534
2731	3643
2732	3643
2733	3643
2734	3643
2735	3643
2736	1254
2737	1254
2738	1254
2739	1254
2740	1254
2741	1254
2742	1254
2743	1254
2744	2407
2744	3597
2744	306
2745	2370
2745	2407
2745	306
2746	3973
2746	294
2747	1254
2748	1254
2749	1254
2750	1254
2751	1594
2752	2159
2752	1016
2753	1096
2753	2627
2754	2634
2754	2753
2755	1140
2755	1146
2755	2753
2756	879
2756	2159
2756	2388
2757	2369
2758	3647
2758	534
2759	2218
2760	1141
2760	2759
2761	2760
2762	2219
2762	2760
2763	2378
2763	2759
2764	791
2764	2378
2764	2759
2765	1473
2765	2378
2765	2764
2766	2097
2766	2378
2766	2764
2767	555
2768	1049
2769	3207
2770	109
2772	2162
2773	1594
2773	2398
2773	116
2774	8
2774	2398
2774	116
2775	8
2775	2398
2775	116
2776	1594
2776	2388
2776	1284
2777	1285
2777	580
2778	2407
2778	1034
2779	831
2779	655
2780	2395
2780	3212
2780	916
2781	1594
2781	2373
2782	1594
2783	2366
2783	2782
2784	1594
2784	2373
2785	1854
2786	3
2787	1594
2787	2373
2788	2800
2789	1594
2789	2407
2790	1594
2790	2407
2791	3643
2792	3643
2793	1594
2793	2373
2794	1594
2794	2373
2795	1254
2796	1254
2797	3643
2798	3091
2798	4366
2799	2800
2800	1096
2800	3796
2801	1594
2801	2377
2802	878
2803	878
2804	878
2805	1594
2805	2373
2806	2373
2806	3929
2807	2369
2807	4189
2808	2807
2809	1594
2809	2373
2810	1594
2810	2388
2811	3643
2812	3643
2813	3643
2815	3207
2816	3207
2817	1594
2817	2388
2818	642
2819	3207
2820	619
2821	3643
2822	3853
2823	10
2824	3643
2825	3643
2826	3643
2827	1594
2827	2373
2828	2370
2829	2402
2829	2828
2830	2369
2831	2365
2832	3211
2833	3643
2834	1594
2834	2373
2835	1594
2835	2398
2835	2207
2836	3643
2837	3643
2838	3643
2839	3643
2840	3
2841	1594
2841	2373
2842	1594
2842	2373
2843	1594
2843	2373
2844	1594
2844	2396
2844	1162
2845	1594
2845	2373
2846	1254
2847	341
2848	1594
2848	2373
2849	3643
2850	1594
2850	2382
2850	427
2851	1596
2851	2372
2851	107
2852	3930
2853	2398
2853	3997
2853	116
2854	3643
2855	3643
2856	3643
2857	3643
2858	2382
2858	2674
2858	427
2859	2365
2860	3405
2861	524
2862	3853
2863	1285
2863	2862
2864	2375
2864	2392
2864	3855
2864	1173
2864	2862
2866	620
2867	620
2868	1594
2868	2373
2869	1594
2869	2388
2870	2366
2871	2870
2872	2870
2873	3643
2874	3643
2875	3643
2876	3211
2877	3207
2878	3647
2878	534
2879	2369
2880	1464
2881	1594
2881	2366
2881	294
2882	1594
2882	2366
2882	294
2883	1594
2883	2366
2883	294
2884	4363
2885	1594
2885	2373
2885	319
2886	3643
2887	3643
2888	3643
2889	1254
2890	1594
2890	2373
2891	1254
2892	3643
2893	3643
2894	3643
2895	1848
2895	2382
2895	436
2896	10
2897	2896
2898	1103
2899	1148
2899	2898
2900	8
2900	2398
2900	116
2901	8
2901	2398
2901	116
2902	8
2902	3204
2903	2405
2903	2078
2904	1594
2904	2388
2905	2395
2905	3211
2905	916
2906	1594
2906	2369
2907	2120
2908	9
2909	1594
2909	2407
2910	2375
2910	2909
2911	2402
2911	3855
2911	2181
2912	1594
2912	2373
2913	2373
2913	3959
2914	3
2915	3
2916	2376
2916	4125
2917	2376
2917	2634
2917	460
2918	1594
2918	2388
2919	2407
2920	2377
2920	3733
2921	2377
2922	2395
2922	3211
2922	347
2923	2388
2923	4363
2924	2388
2924	4363
2925	3411
2926	3411
2927	3411
2928	354
2928	2934
2929	354
2929	2935
2930	354
2930	2936
2931	354
2931	2937
2932	354
2932	2938
2933	3412
2934	351
2935	351
2936	351
2936	3918
2937	351
2937	3918
2938	351
2939	359
2939	2934
2940	359
2940	2935
2941	359
2941	2936
2942	359
2942	2937
2943	359
2943	361
2943	363
2943	2938
2944	351
2945	354
2945	2944
2946	359
2946	2944
2947	351
2948	3411
2949	3643
2950	3643
2951	3643
2952	3643
2953	3643
2954	3643
2955	3643
2956	3643
2957	3643
2958	3643
2959	3643
2960	3643
2961	3643
2962	3643
2963	3643
2964	3643
2965	3643
2966	1594
2966	2388
2967	3643
2968	3643
2969	3643
2970	3643
2971	3643
2972	3643
2973	3643
2974	3643
2975	3229
2975	3643
2976	3643
2977	3643
2978	3643
2979	3643
2980	3643
2981	3643
2982	3643
2983	3643
2984	3643
2985	3643
2986	3643
2987	3643
2988	3643
2989	3643
2990	3643
2991	3643
2992	3643
2993	3643
2994	3643
2995	3643
2996	3643
2997	3643
2998	3643
2999	3643
3000	3643
3001	3643
3002	3643
3003	3643
3004	3643
3005	3643
3006	3643
3007	3643
3008	3643
3009	3643
3010	3643
3011	3643
3012	3643
3013	3643
3014	3643
3015	3643
3016	3643
3017	3643
3018	3643
3019	1594
3019	2369
3020	2388
3020	3019
3021	2446
3021	3019
3022	1594
3022	2369
3023	3211
3024	3211
3025	3211
3026	3211
3027	1594
3027	2369
3028	1594
3028	2369
3029	1594
3029	2369
3030	1594
3030	2369
3031	1594
3031	2369
3032	1293
3032	2398
3033	1594
3033	2395
3034	1594
3034	2395
3035	1594
3035	2395
3036	1594
3036	2395
3037	1594
3037	2395
3038	1594
3038	2395
3039	1594
3039	2395
3040	1594
3040	2395
3041	3643
3042	3041
3043	3041
3044	3041
3045	3041
3046	3041
3047	3041
3048	3041
3049	3041
3050	624
3051	624
3052	624
3053	624
3054	624
3055	624
3056	624
3057	624
3058	624
3059	624
3060	624
3061	1594
3061	2388
3062	2373
3062	4363
3063	1664
3063	2159
3063	2388
3063	2400
3063	2643
3064	2388
3064	4363
3065	2377
3065	3642
3065	1174
3066	3065
3067	2423
3068	1506
3068	2392
3068	1247
3069	3853
3070	1285
3070	3069
3071	2388
3071	3642
3071	1081
3072	1108
3072	3567
3073	2388
3073	3918
3074	1594
3074	2388
3075	507
3076	507
3077	2135
3078	2135
3079	1108
3079	3566
3080	2319
3081	1594
3081	2388
3082	2853
3082	3381
3083	2853
3083	3381
3084	534
3084	1269
3085	638
3085	3642
3085	2048
3086	2371
3086	655
3087	1989
3087	3381
3087	3855
3087	3872
3088	921
3089	1253
3089	3090
3090	1309
3090	73
3091	1594
3091	2373
3092	3091
3093	1595
3094	2634
3094	1101
3095	1123
3096	1208
3096	2380
3096	2381
3096	4112
3096	1472
3099	994
3100	2063
3100	3099
3101	995
3101	3099
3102	994
3103	2063
3103	3102
3104	995
3104	3102
3105	3102
3106	994
3107	2063
3107	3106
3108	995
3108	3106
3109	994
3110	2063
3110	3109
3111	995
3111	3109
3112	3110
3113	3110
3114	3113
3115	3113
3116	3114
3116	3115
3117	994
3118	2063
3118	3117
3119	995
3119	3117
3120	3118
3121	3118
3122	994
3123	994
3124	994
3125	994
3126	994
3128	3654
3129	3654
3130	25
3131	2391
3132	1594
3132	2375
3132	479
3133	3147
3134	1594
3134	2395
3135	1594
3135	2395
3136	3973
3137	921
3138	3
3139	3211
3140	2407
3141	2365
3142	2438
3143	2438
3144	2385
3144	3642
3144	1445
3144	2468
3145	2407
3146	638
3147	1594
3147	2389
3148	3147
3149	3933
3150	1700
3150	2287
3151	1700
3151	2276
3152	2281
3153	2252
3153	2253
3154	2159
3154	2388
3155	1694
3155	2033
3156	2365
3157	3647
3157	534
3158	2377
3158	3642
3158	1108
3159	2305
3160	2678
3161	2678
3162	2678
3163	2366
3163	294
3164	3163
3165	398
3166	2395
3166	3165
3166	3918
3166	856
3167	1594
3167	2369
3168	479
3169	479
3170	2252
3171	1358
3172	2579
3173	1700
3173	2174
3174	2119
3175	2304
3175	2366
3175	2213
3176	1690
3176	1011
3177	1690
3178	2304
3178	2366
3178	2213
3179	3174
3180	1690
3181	1594
3181	2373
3182	1594
3183	3211
3184	873
3185	2382
3185	427
3186	2119
3187	3186
3188	3186
3189	1909
3189	3855
3189	3191
3190	2406
3191	3853
3192	1594
3193	1311
3193	2376
3193	20
3194	2454
3194	1498
3195	3553
3196	3195
3197	1220
3198	1220
3199	1220
3200	2407
3200	1135
3201	2853
3202	2406
3203	2406
3203	3202
3204	936
3204	2395
3205	936
3205	2388
3206	3204
3207	3204
3208	3204
3209	3204
3210	3204
3211	2446
3212	2446
3213	2446
3214	2446
3215	148
3215	3169
3218	2407
3218	1052
3219	2407
3219	1052
3220	2407
3220	1052
3221	2371
3221	1250
3222	2371
3222	1250
3223	2388
3223	2474
3224	2388
3225	2599
3225	3223
3226	2599
3226	3224
3227	2365
3227	1642
3228	2373
3228	3165
3228	367
3229	1594
3230	1506
3230	2402
3230	1505
3231	1506
3231	2402
3231	1505
3233	2399
3234	1495
3235	1495
3236	3186
3237	2626
3238	1664
3238	1124
3239	3238
3240	3238
3241	2392
3242	2389
3242	3930
3242	3955
3242	4004
3243	1216
3244	2365
3244	3605
3245	2372
3246	1300
3246	2378
3246	3247
3247	2378
3247	3596
3247	2583
3248	2399
3248	408
3249	3094
3249	2527
3250	1585
3250	2386
3252	3643
3252	556
3253	2377
3253	2573
3254	58
3254	73
3255	2372
3256	1594
3257	1594
3257	2366
3257	294
3258	1594
3258	2366
3258	294
3259	2400
3259	3598
3260	1594
3261	3260
3262	3260
3263	3260
3264	3260
3265	1594
3266	1594
3267	3260
3268	59
3269	59
3270	59
3271	59
3272	59
3273	59
3274	59
3275	59
3276	59
3277	59
3278	59
3279	59
3280	59
3281	59
3282	59
3283	1594
3284	3283
3285	3283
3286	3283
3287	3283
3288	3283
3289	3283
3290	3283
3291	3283
3292	3283
3293	3283
3294	3283
3295	3283
3296	1594
3296	2375
3296	3168
3297	1904
3297	2373
3298	2678
3299	3980
3300	3299
3301	3300
3302	3300
3303	3300
3304	3973
3305	4189
3306	2402
3307	2402
3307	206
3308	2402
3308	206
3309	2077
3310	2077
3311	2371
3311	736
3312	2371
3312	736
3313	3312
3314	3312
3315	3211
3316	2407
3317	2386
3317	3316
3317	1952
3318	2386
3318	3316
3318	1952
3319	2386
3319	3316
3319	1952
3320	2386
3320	3316
3320	1952
3321	2386
3321	3316
3321	1952
3322	2386
3322	3316
3322	1952
3323	1148
3323	2077
3324	3323
3324	3309
3325	3323
3325	3310
3326	3646
3327	1594
3328	2407
3329	2717
3330	2365
3330	3329
3331	3330
3332	2389
3332	3918
3333	1594
3334	2853
3335	1594
3336	2264
3337	2373
3337	1476
3338	1594
3338	2389
3339	2056
3340	1594
3341	2624
3341	3381
3341	204
3342	3853
3343	3342
3344	879
3345	879
3346	879
3347	879
3348	879
3348	3381
3349	3348
3350	3348
3351	879
3351	3381
3352	879
3353	879
3353	3381
3354	879
3355	879
3356	2385
3357	255
3358	1178
3359	2377
3359	452
3360	529
3361	2375
3362	148
3362	3168
3363	2388
3364	1123
3365	1123
3366	1123
3367	431
3368	2155
3368	2400
3368	3381
3368	3855
3368	839
3368	2143
3369	2400
3369	3381
3369	2584
3370	2120
3370	1990
3371	3381
3372	3342
3373	3372
3374	3373
3375	1594
3376	4032
3377	549
3377	3342
3378	3342
3379	3342
3380	2340
3381	2407
3382	2120
3383	2120
3384	2143
3385	2347
3386	2141
3387	2478
3388	1533
3389	2370
3390	3807
3390	3713
3391	1449
3391	434
3392	1345
3392	2385
3392	434
3393	840
3393	2385
3393	3596
3393	3392
3394	1478
3394	2385
3394	2723
3394	3392
3395	1594
3395	2389
3396	921
3397	25
3398	3853
3399	1045
3400	1592
3401	1250
3402	1250
3403	3676
3403	549
3404	1552
3405	1552
3406	1596
3407	1596
3408	1596
3409	168
3410	533
3410	3316
3411	1139
3412	3411
3413	1594
3413	2386
3413	1920
3414	2386
3414	3643
3414	1920
3414	2624
3415	1594
3415	2386
3416	2391
3416	4305
3417	2391
3418	2386
3419	2386
3420	2386
3421	2391
3422	2386
3423	1345
3424	1596
3425	3516
3426	3516
3427	3516
3428	3516
3429	3516
3430	3516
3431	3516
3432	3516
3433	2406
3434	2406
3435	2406
3436	2406
3437	2406
3438	2406
3439	2375
3440	2407
3440	2335
3441	297
3442	311
3443	311
3444	2407
3445	3815
3445	3444
3446	1387
3447	1387
3448	1387
3449	1387
3450	1387
3451	1540
3452	2119
3452	2156
3453	2367
3454	2367
3455	2367
3456	2367
3457	2367
3458	2367
3458	3459
3459	2154
3460	3316
3460	3511
3461	3516
3462	3516
3463	2407
3463	813
3464	3463
3465	3463
3466	2407
3467	2407
3468	3465
3469	1594
3469	1689
3469	2366
3469	2367
3469	1014
3470	1311
3470	3968
3471	1299
3471	2369
3471	3968
3472	1300
3472	3471
3473	1311
3473	2388
3473	1707
3474	1260
3474	2388
3474	1707
3475	873
3475	3474
3476	58
3476	88
3477	1309
3477	88
3478	1253
3478	3477
3479	3647
3479	534
3480	526
3480	3421
3481	526
3481	3421
3482	584
3483	584
3484	2407
3485	1254
3486	26
3486	2397
3486	3642
3486	313
3487	955
3488	955
3489	955
3490	955
3491	955
3492	955
3493	955
3494	955
3495	955
3496	955
3497	955
3498	955
3499	955
3500	955
3501	955
3502	955
3503	1689
3504	2407
3504	3466
3505	2407
3505	3467
3506	3463
3506	3466
3507	3504
3508	3505
3509	3973
3510	2157
3511	1477
3511	2157
3512	1594
3512	2183
3513	1345
3514	2160
3515	1390
3516	1390
3517	573
3518	3517
3519	3517
3520	2120
3520	3518
3521	2371
3521	653
3522	2386
3522	3766
3522	3516
3523	2386
3523	3766
3523	1390
3524	3997
3524	2183
3525	2368
3526	2540
3527	2540
3528	2368
3528	3525
3529	2368
3529	3525
3530	2368
3530	972
3531	3530
3532	2368
3532	3525
3533	2368
3533	3525
3534	2368
3534	3525
3535	2368
3535	3525
3536	2368
3536	3525
3537	2368
3537	3525
3538	2368
3538	974
3539	2368
3539	974
3540	2368
3540	974
3541	3531
3541	3540
3542	3531
3542	3539
3543	1594
3543	2407
3544	2368
3545	1408
3545	2611
3546	1408
3546	2612
3547	3545
3547	3548
3547	3717
3548	1408
3549	3548
3549	3552
3550	3545
3550	3549
3551	3546
3551	3549
3552	1408
3553	3919
3553	3997
3554	2160
3555	311
3556	2378
3556	3589
3556	1140
3557	2378
3557	3575
3557	1140
3558	3556
3558	844
3559	3557
3559	844
3560	2376
3560	3589
3560	20
3561	2376
3561	3575
3561	20
3562	2472
3563	3578
3563	1444
3564	3578
3564	1445
3565	2370
3566	2377
3566	3565
3566	451
3567	2377
3567	3575
3567	451
3568	3566
3568	3589
3568	1174
3569	3567
3569	1174
3570	3359
3570	3567
3570	1175
3571	3359
3571	3566
3571	3589
3571	1175
3572	818
3572	1444
3573	818
3573	1445
3574	1594
3575	3565
3576	1299
3576	2378
3576	2400
3576	3381
3576	1153
3577	458
3577	3579
3577	1102
3578	2385
3578	3589
3578	817
3579	2634
3579	1096
3580	806
3581	1274
3582	3565
3583	2380
3583	3565
3583	758
3584	2380
3584	2381
3584	3565
3584	2597
3585	2380
3585	2381
3585	3565
3585	2597
3586	1299
3586	2399
3587	2382
3587	3575
3587	428
3588	2382
3588	3589
3588	428
3589	2367
3589	3565
3589	1240
3590	129
3591	201
3591	3590
3592	129
3593	201
3593	3592
3594	2263
3594	2308
3595	2264
3595	3594
3596	1240
3597	872
3597	2370
3597	3650
3598	872
3598	2402
3599	806
3599	885
3600	807
3600	885
3601	2160
3601	2375
3601	2388
3602	1103
3603	256
3604	3605
3605	1594
3606	3605
3607	260
3607	2365
3607	3610
3608	3609
3608	3797
3609	1594
3609	2365
3609	3766
3609	2716
3610	3609
3610	3767
3611	3610
3612	3797
3613	3609
3614	260
3614	2365
3614	283
3615	3613
3616	1594
3617	2162
3618	3617
3618	3682
3619	3381
3619	3695
3619	3729
3620	3381
3620	3710
3620	3729
3621	2160
3622	2160
3622	2400
3622	3387
3623	3387
3624	3387
3625	2478
3626	3720
3627	2372
3628	2611
3629	2478
3630	2478
3631	2478
3632	1045
3633	1594
3634	500
3635	534
3635	1271
3636	1271
3636	2536
3637	1594
3637	3330
3638	2330
3639	1479
3639	2376
3640	2400
3640	3381
3641	2400
3641	2407
3642	1594
3642	2370
3643	2402
3643	3642
3644	1594
3644	2374
3645	2399
3645	3642
3645	3644
3645	406
3646	2399
3646	3642
3646	3644
3646	408
3647	2162
3647	3643
3648	3642
3648	2828
3649	2624
3649	3517
3650	872
3651	2379
3651	2381
3651	3642
3651	765
3652	1594
3653	451
3653	3129
3654	1479
3654	2377
3655	431
3655	2400
3655	3381
3655	3640
3656	2400
3656	3381
3656	3815
3656	2584
3657	2599
3658	2400
3658	3381
3658	3640
3659	2400
3659	3381
3659	3815
3659	3658
3660	3259
3660	3381
3660	2108
3660	3658
3661	3381
3661	3806
3661	3855
3661	2143
3662	2599
3662	3667
3663	3381
3663	3813
3663	846
3664	432
3664	3667
3665	2400
3665	2407
3665	3641
3666	3259
3666	2480
3666	3665
3667	431
3667	2400
3667	3641
3668	3853
3669	1311
3669	2378
3669	2400
3669	3381
3669	1153
3670	436
3670	67
3671	2319
3672	3853
3673	624
3674	3597
3675	3853
3676	3405
3676	3855
3676	3675
3677	3381
3677	3676
3677	1549
3678	3676
3678	1107
3679	2407
3680	859
3680	3806
3681	4320
3682	3647
3683	3381
3683	3792
3683	2108
3684	3381
3684	3791
3684	2108
3685	3792
3685	2480
3686	3683
3686	2585
3687	2367
3687	3685
3687	3813
3688	3685
3688	3666
3689	3683
3689	3660
3690	817
3690	2400
3690	3667
3691	1444
3691	3690
3691	3664
3692	2400
3692	3381
3692	3596
3692	3650
3692	3855
3692	3368
3693	1826
3693	1231
3694	2400
3694	2634
3694	3381
3694	3855
3694	3368
3695	1311
3695	2378
3695	1499
3696	1311
3696	2400
3696	3381
3696	3855
3696	3692
3697	3791
3697	2480
3698	3661
3698	3680
3699	3690
3699	3662
3700	3684
3700	2585
3701	3684
3701	3660
3702	3697
3702	3666
3703	2367
3703	3697
3703	3813
3704	1301
3704	2400
3704	3690
3705	3704
3705	3691
3706	3704
3706	3699
3707	1299
3707	2400
3707	3381
3707	3855
3707	3692
3708	817
3708	2400
3708	3381
3708	3655
3709	1301
3709	2400
3709	3381
3709	3708
3710	1299
3710	2378
3710	1499
3711	2365
3711	2400
3711	2716
3711	2132
3711	3802
3712	2365
3712	2716
3712	3802
3712	3803
3713	3641
3713	1408
3714	2478
3715	2478
3716	2586
3717	2478
3718	2478
3719	1534
3719	2612
3719	3718
3720	2478
3721	1533
3721	2611
3721	3714
3722	3716
3723	1231
3723	3381
3724	1261
3724	3576
3725	3726
3725	3691
3726	1312
3726	2400
3726	3690
3727	3726
3727	3699
3728	1312
3728	2400
3728	3381
3728	3708
3729	1499
3729	3381
3729	3723
3730	3381
3730	3693
3730	3723
3731	450
3731	3253
3732	450
3732	2392
3732	1562
3733	1594
3734	3697
3734	3777
3735	3684
3735	3777
3736	3701
3736	3735
3737	3702
3737	3734
3738	3700
3738	3735
3739	3703
3739	3734
3740	3739
3740	3778
3741	3705
3741	3743
3742	3706
3742	3743
3743	1261
3743	3704
3744	1261
3744	3707
3745	1261
3745	3620
3746	1261
3746	3709
3747	1594
3748	3697
3748	3814
3749	3684
3749	3814
3750	3701
3750	3749
3751	3702
3751	3748
3752	3700
3752	3749
3753	3703
3753	3748
3754	3753
3754	3778
3755	3705
3755	3757
3756	3706
3756	3757
3757	1302
3757	3704
3758	1300
3758	3707
3759	1300
3759	3620
3760	1302
3760	3709
3761	3361
3762	3361
3763	1345
3764	1594
3764	2389
3765	2375
3765	859
3766	255
3767	3766
3768	2398
3768	120
3769	2156
3769	2367
3769	2400
3769	2407
3769	3807
3770	3381
3770	3769
3770	846
3771	2236
3772	3627
3773	3955
3774	1594
3774	2365
3775	1594
3776	859
3776	3805
3777	2536
3777	3791
3778	3381
3778	3703
3778	3663
3779	3381
3779	3687
3779	3663
3780	2478
3781	2466
3781	3806
3782	3813
3782	3811
3783	3769
3783	3811
3784	3703
3784	3782
3785	3753
3785	3784
3786	3687
3786	3782
3787	3739
3787	3784
3788	2466
3788	3805
3789	851
3789	3806
3790	2478
3791	1262
3791	2400
3791	3259
3792	1006
3792	2400
3792	3259
3793	3598
3793	3674
3793	548
3794	3674
3795	1140
3795	2800
3796	1345
3797	3767
3798	2375
3798	3797
3799	488
3799	2389
3800	2400
3800	3381
3800	3799
3800	3640
3801	2400
3801	3799
3801	3641
3802	2716
3803	256
3804	403
3804	2388
3805	510
3805	2400
3805	3381
3805	3640
3806	510
3806	2400
3806	3641
3807	2154
3807	2400
3807	2407
3807	3641
3808	846
3809	1313
3809	3810
3810	2399
3810	3589
3810	408
3811	3807
3811	1534
3812	2400
3812	3815
3812	3665
3813	2367
3813	3259
3813	2480
3813	3807
3814	534
3814	3791
3815	581
3815	2392
3816	1103
3817	1148
3817	2898
3817	3816
3818	428
3818	2291
3819	31
3819	2396
3820	1594
3821	1594
3821	2389
3822	1594
3823	1533
3824	2476
3825	2377
3825	3918
3825	450
3826	4125
3827	2398
3827	3826
3827	120
3828	2373
3828	3642
3828	312
3828	1260
3829	3828
3830	1594
3831	3828
3832	1759
3832	3967
3833	1281
3833	2674
3833	3644
3833	422
3834	2376
3834	3642
3834	3733
3834	1628
3835	66
3835	67
3836	2382
3836	3835
3837	2382
3837	3835
3838	2382
3838	3835
3839	339
3839	936
3840	2396
3840	2853
3841	3919
3842	1505
3843	1506
3843	2402
3843	3842
3844	1594
3845	485
3846	485
3847	2373
3848	2373
3849	4004
3850	534
3850	885
3851	1345
3852	3598
3852	885
3853	2119
3854	2259
3855	2406
3855	3853
3856	2367
3856	3381
3856	3855
3856	1549
3857	2367
3857	3381
3857	3855
3857	1549
3858	3359
3858	3128
3859	2377
3859	3128
3860	2319
3861	1386
3861	2377
3862	2388
3863	1594
3863	2388
3864	2404
3864	725
3865	534
3865	2404
3865	3864
3866	2404
3866	725
3867	1594
3867	2386
3868	1506
3868	2375
3868	2392
3868	485
3869	1506
3869	2375
3869	2392
3869	485
3870	1506
3870	2375
3870	2392
3870	485
3871	2404
3871	3864
3872	1585
3872	3381
3872	2120
3873	1594
3874	3873
3875	1049
3876	2768
3877	2375
3878	2375
3879	2369
3879	3918
3880	1594
3881	4006
3882	2391
3883	2391
3884	2265
3885	1694
3885	1700
3886	1594
3886	2407
3886	578
3887	3929
3888	1594
3889	1594
3890	1801
3891	2407
3892	2853
3893	2853
3893	3381
3894	2853
3895	1689
3896	872
3896	1689
3896	3895
3897	1470
3897	1689
3897	3895
3898	1594
3899	1594
3900	1123
3901	1123
3902	2400
3902	3381
3902	3855
3902	2354
3903	1594
3904	3903
3905	3364
3905	3901
3906	3364
3906	4271
3907	3365
3907	3901
3908	3365
3908	4271
3909	1664
3910	3721
3911	1507
3911	3806
3912	456
3912	2400
3912	3641
3913	3721
3914	523
3914	3381
3914	3855
3914	1123
3915	1664
3915	3361
3916	386
3916	1678
3917	4125
3918	1594
3919	3642
3919	4175
3919	873
3920	1189
3920	2382
3920	436
3921	3920
3921	428
3922	1189
3922	2385
3922	1568
3923	2674
3924	4119
3925	3918
3926	3919
3927	3918
3928	2139
3929	3955
3930	4003
3931	4175
3932	3918
3933	10
3934	1948
3934	3381
3934	2613
3935	1948
3935	3425
3936	1948
3936	3426
3937	1948
3937	3427
3938	1948
3938	3428
3939	1948
3939	3429
3940	1948
3940	3430
3941	1948
3941	3431
3942	1948
3942	3432
3943	3918
3944	3918
3945	3903
3945	3946
3946	1594
3947	2162
3948	3947
3949	1995
3949	3682
3949	3947
3950	2589
3950	1909
3951	1107
3951	2120
3951	3855
3951	1123
3952	3903
3953	3918
3954	3918
3955	2674
3956	2674
3957	2402
3957	1909
3958	624
3959	3930
3960	3919
3961	3919
3962	3919
3963	1995
3963	3969
3964	531
3964	1506
3964	2392
3964	485
3965	531
3965	2392
3965	2589
3966	1594
3967	3918
3968	2369
3968	3596
3968	4210
3969	3479
3970	3969
3971	1594
3972	1594
3973	1477
3973	2158
3974	3918
3975	2392
3975	3988
3975	2592
3976	3977
3977	2162
3978	1594
3979	3918
3980	1594
3981	3967
3982	3967
3983	1664
3983	3872
3984	3967
3985	3918
3986	3815
3986	1284
3987	4125
3988	1877
3988	2388
3988	528
3989	3997
3989	4120
3990	1796
3990	3682
3991	2378
3991	2723
3991	2898
3992	2378
3992	2723
3992	3816
3993	116
3993	2667
3994	3918
3995	437
3995	2634
3995	2291
3996	88
3996	2439
3997	3918
3998	3918
3999	1253
3999	428
4000	3918
4001	4006
4002	4003
4003	3918
4004	3918
4005	3918
4006	3918
4007	4006
4008	4001
4008	4007
4009	3918
4010	762
4010	1735
4011	2162
4012	2162
4013	2162
4015	2388
4015	3361
4016	2388
4016	4323
4016	2671
4017	1490
4018	311
4018	2112
4019	523
4019	4139
4020	4323
4020	4019
4021	3918
4023	229
4024	1345
4025	1345
4026	445
4027	4024
4028	879
4029	4028
4030	2400
4030	3381
4030	2584
4031	2402
4032	2407
4033	2407
4034	2335
4035	2407
4036	2341
4037	2341
4038	2588
4038	3168
4039	2141
4040	2141
4041	2141
4041	3380
4042	2141
4043	1664
4044	1664
4045	1122
4046	2704
4046	3370
4047	2369
4047	3381
4047	3348
4048	2369
4048	3381
4048	3348
4049	3858
4050	4049
4051	2375
4052	2139
4052	534
4053	32
4053	2389
4054	1594
4055	2405
4055	3642
4055	1280
4056	1594
4056	2407
4057	1042
4057	2367
4057	2388
4057	455
4058	1042
4058	2376
4058	2385
4059	1042
4059	2376
4060	2371
4061	3598
4062	1596
4062	2372
4062	1186
4063	1594
4063	2372
4063	1186
4064	4063
4065	4063
4066	4063
4067	4063
4068	1596
4069	4062
4070	4062
4071	1594
4071	2372
4071	4062
4072	4062
4073	4062
4074	4062
4075	1594
4076	98
4077	1594
4078	2367
4078	2389
4078	4075
4078	2198
4079	4363
4080	1594
4083	1594
4083	1915
4084	1594
4085	2389
4085	3923
4086	4119
4087	1594
4088	3918
4089	1987
4090	2139
4090	534
4091	1657
4091	2372
4091	4069
4092	4070
4093	4070
4094	4070
4095	4070
4096	1657
4097	3643
4097	4052
4098	1596
4098	2367
4098	2369
4098	4075
4098	2198
4099	1596
4099	2367
4099	2369
4099	4075
4099	2198
4100	3643
4101	2139
4102	2139
4103	3919
4104	4103
4105	2139
4105	3926
4106	2389
4106	2445
4107	2139
4108	1594
4108	2389
4109	2389
4109	4112
4110	2389
4110	4112
4111	3643
4111	3919
4112	2407
4112	3918
4113	2389
4113	4112
4114	3643
4114	3919
4114	534
4115	896
4116	1594
4116	2389
4117	2139
4118	2407
4118	1017
4119	2389
4119	4125
4120	1594
4120	2389
4121	2389
4121	4125
4122	2378
4122	3642
4122	1141
4123	4124
4124	2389
4124	3918
4125	3918
4126	2389
4126	3917
4129	1922
4130	1797
4130	3646
4131	1594
4132	4131
4133	921
4134	1594
4134	2378
4134	2526
4135	1345
4136	1987
4137	3643
4137	534
4138	3919
4139	2375
4139	860
4140	1594
4141	2369
4141	4125
4142	2369
4142	4125
4143	2369
4143	4125
4144	2369
4144	4125
4145	2369
4145	4125
4146	1594
4147	2388
4147	3929
4148	1506
4148	2375
4148	2392
4148	3929
4148	22
4149	272
4149	3614
4150	272
4151	272
4152	272
4153	1203
4154	262
4155	260
4155	2365
4155	2716
4156	262
4157	260
4157	2365
4157	2716
4158	1203
4159	1594
4160	4116
4160	4119
4161	4116
4161	4119
4162	2896
4162	3933
4163	2377
4163	3642
4163	3929
4163	3930
4163	451
4164	1594
4164	2373
4164	1686
4165	2394
4165	3952
4165	476
4166	2167
4167	2167
4168	2167
4169	1594
4169	2365
4170	386
4171	386
4172	1594
4172	2373
4173	1594
4174	4175
4175	1594
4176	25
4177	25
4178	2373
4178	3826
4179	1594
4180	1173
4181	3918
4182	3955
4183	3956
4184	3958
4185	1222
4186	2446
4187	2588
4187	3169
4188	143
4188	1331
4189	1594
4190	3643
4190	534
4191	1594
4192	3643
4192	3961
4192	3962
4192	534
4193	3969
4194	2157
4195	1594
4196	118
4197	1594
4197	2372
4197	102
4198	538
4198	2377
4198	1609
4199	2406
4199	3381
4199	222
4200	4175
4200	4195
4201	2446
4202	4199
4203	4199
4205	25
4206	1594
4206	2373
4207	538
4207	1120
4208	2407
4208	3984
4209	2527
4210	2159
4210	839
4211	1594
4211	2392
4211	3445
4212	1623
4213	1623
4214	1594
4214	2373
4214	2126
4215	618
4215	1664
4215	2141
4216	618
4216	3641
4217	618
4217	1664
4217	2141
4218	1594
4219	8
4219	2398
4219	116
4220	897
4222	525
4222	3168
4223	1594
4223	2392
4223	2476
4224	2367
4224	2388
4224	3971
4224	155
4225	1858
4225	3972
4226	2077
4226	3381
4226	3855
4226	1123
4227	1009
4228	1594
4229	3204
4230	2446
4231	4007
4232	3646
4232	1303
4233	1594
4234	1594
4235	1594
4236	1386
4236	2377
4237	1594
4238	3997
4238	4175
4239	1594
4240	486
4240	4222
4241	4242
4242	1594
4242	2366
4242	2367
4242	2746
4243	2388
4243	3820
4244	3958
4245	638
4247	1337
4247	4363
4248	48
4248	3169
4249	872
4249	2370
4249	2377
4249	2048
4249	3253
4250	513
4251	1594
4251	2401
4252	4251
4253	2389
4253	4251
4253	4252
4254	3211
4255	3211
4256	1594
4258	2377
4258	3642
4258	451
4259	1839
4259	4189
4260	1594
4261	3211
4263	2162
4264	1986
4264	3642
4264	3997
4264	817
4265	1594
4266	2236
4268	2377
4268	3642
4268	1609
4269	1594
4270	1989
4270	2573
4271	3381
4271	3855
4271	1123
4272	3211
4273	3979
4273	4112
4273	4274
4274	2388
4274	4125
4275	1594
4276	1594
4277	3919
4278	2446
4279	1594
4280	1594
4281	1594
4282	1299
4282	2388
4282	1636
4283	1566
4283	18
4284	1566
4284	459
4285	1566
4285	19
4286	3646
4287	1594
4288	1594
4289	4288
4290	4288
4291	1264
4291	4283
4292	1264
4292	4284
4293	1264
4293	4285
4294	1594
4295	1300
4295	4282
4296	1106
4296	4291
4297	1106
4297	4292
4298	1106
4298	4293
4299	1594
4300	386
4300	4196
4301	1540
4301	3997
4302	3204
4302	3211
4303	3647
4304	1594
4304	2395
4305	2391
4306	2391
4306	4305
4307	2391
4307	4305
4308	526
4308	3416
4309	526
4309	3416
4311	2407
4311	3929
4312	2573
4313	3604
4314	3873
4315	1594
4316	1594
4316	2388
4317	1594
4317	2388
4318	2160
4318	2380
4319	1594
4319	2393
4319	1047
4320	3973
4321	1594
4321	2385
4321	2599
4323	2375
4323	523
4324	1506
4324	3815
4325	1048
4325	2120
4325	3238
4326	2120
4327	1597
4328	3229
4328	3647
4328	534
4329	807
4329	2400
4329	3381
4329	3855
4329	1574
4330	2388
4331	1594
4331	2389
4332	2407
4332	2475
4332	3444
4333	2141
4334	2141
4336	2386
4336	1920
4337	1594
4338	1107
4338	2120
4338	3238
4339	2319
4340	2375
4340	3855
4340	859
4340	2181
4342	2395
4343	2382
4343	2145
4344	404
4345	404
4346	3642
4346	4006
4347	3643
4349	59
4350	1594
4351	2397
4351	3642
4351	315
4353	1594
4354	1262
4354	1394
4355	2373
4355	319
4356	2373
4356	319
4357	3952
4358	109
4360	2386
4360	1022
4361	2626
4362	2626
4363	1594
4364	3853
4365	2120
4366	3211
4367	1594
4368	3316
4368	3598
4368	2693
4368	3410
4369	1273
4369	3084
4370	2371
4370	298
4371	403
4372	1594
4374	2160
4374	2373
4374	1476
4375	487
4375	4222
4376	1594
4376	2386
4376	1920
4377	1594
4378	2365
4378	3606
4379	2365
4379	3606
4380	2160
